1 0.6349538977367979 0.5490360435875945 0.08968985750209554 0.08549874266554904
1 0.2829002514668902 0.5054484492875104 0.08466051969823972 0.08046940486169321
1 0.44708417142314677 0.36532564437385456 0.03643293597161849 0.034871524429977735
1 0.11776828264072488 0.38795887245595256 0.10882565290223674 0.03406716090852587
1 0.024320167648586872 0.43527437371779504 0.046842346249223746 0.038798711034710574
1 0.05867122156468425 0.40118355361468294 0.1173424431293685 0.04073864947435528
1 0.04707892375553288 0.41821713406894595 0.09415784751106576 0.037899719398645025
1 0.01443122788486186 0.37352764457109094 0.027916145744486875 0.032647695870671095
1 0.12988105096375674 0.3508162039654067 0.06198330665301323 0.027916145744486896
1 0.06955378685490797 0.36122561424301197 0.027442990731868448 0.026969835719250004
2 0.03122823083281583 0.3666668968881238 0.052993361413263225 0.031228230832815836
