1 0.5575787401574802 0.5290354330708661 0.08366141732283465 0.08169291338582677
1 0.40157480314960636 0.5113188976377953 0.08267716535433073 0.08759842519685039
1 0.28001968503937 0.515255905511811 0.08759842519685038 0.07972440944881888
1 0.35974409448818895 0.4015748031496063 0.05019685039370079 0.047244094488188976
1 0.5959645669291337 0.42372047244094485 0.05216535433070866 0.04429133858267717
1 0.5425587297455586 0.36071411140756166 0.03579098067287045 0.035790980672870384
1 0.12845115416184336 0.35522719924010043 0.0633366417580024 0.02889039799487801
1 0.06678126613431487 0.3674500599302413 0.02889039799487831 0.025556890533930746
1 0.014667432828169005 0.37911733604355674 0.024667955211011505 0.03111273630217639
2 0.03233502237119077 0.37133915196801365 0.05555845768245837 0.032223905455825846
1 0.11761725491376411 0.3916179890221108 0.10945016163444274 0.032779490032650085
1 0.058669731312676034 0.4054381553706225 0.11733946262535207 0.03958540109875155
1 0.0495581442527528 0.4218279003869476 0.0944493780601791 0.03902981652192703
1 0.024779072126376433 0.44182894515263277 0.049558144252752866 0.031251632446382835
1 0.5434728330498078 0.33050368557140686 0.02444572138028173 0.019445460188860387
