1 0.6277544327149738 0.7124488712066869 0.14861125345905554 0.1393871066926313
1 0.27877421338526187 0.5115674527378946 0.08609203648662497 0.08404222609408628
1 0.5944450138362206 0.44494861498038696 0.06149431177616126 0.05329507020600593
1 0.43353489802193296 0.4065146701202867 0.049195449420928634 0.04817054422465925
1 0.42379455352876255 0.32237072155009966 0.02520086542291948 0.02170074522529176
1 0.1276843848094587 0.3514217191904096 0.060202067399196514 0.028000961581021624
1 0.11972756156419166 0.3911783608874267 0.10901264360319395 0.040064475854165386
1 0.05823324978803097 0.4006820244094129 0.11646649957606194 0.03782832474914568
1 0.04612073383212053 0.4193166643415829 0.09224146766424106 0.04155525273557974
1 0.023293299915212375 0.4360878402805359 0.04658659983042475 0.03782832474914571
2 0.02795195989825486 0.36527620853829007 0.05590391979650972 0.03671023497953389
1 0.05031352781685875 0.3650898649823888 0.05404045580329273 0.03261061988129734
