1 0.281003937007874 0.5123031496062992 0.08169291338582677 0.08366141732283465
1 0.40157480314960636 0.5127952755905513 0.08267716535433073 0.08267716535433073
1 0.34645669291338577 0.42224409448818906 0.05314960629921266 0.05118110236220472
1 0.5344488188976377 0.4375 0.05708661417322835 0.04822834645669291
1 0.5757874015748033 0.3833661417322835 0.041338582677165364 0.03838582677165355
1 0.5388779527559054 0.343996062992126 0.03248031496062991 0.024606299212598427
1 0.13139763779527558 0.3538385826771654 0.06200787401574804 0.028543307086614175
1 0.12303149606299213 0.3927165354330709 0.1062992125984252 0.03937007874015748
1 0.060039370078740155 0.40440452755905504 0.12007874015748031 0.035679133858267716
1 0.04872047244094488 0.4211368110236221 0.09744094488188976 0.03764763779527559
1 0.026574803149606304 0.4398375984251965 0.05314960629921261 0.04552165354330704
1 0.014763779527559055 0.3773375984251969 0.02952755905511811 0.03026574803149606
2 0.03100393700787401 0.37057086614173235 0.05807086614173227 0.0364173228346456
1 0.06938976377952756 0.3651574803149606 0.0265748031496063 0.027559055118110236
