1 0.5739469099108333 0.62140933781807 0.1062174476133684 0.10994437559980265
1 0.39924716054674025 0.5109990962199631 0.07919721971172206 0.08478761169137312
1 0.2790537329842444 0.5119308282165717 0.0847876116913731 0.0829241476981561
1 0.33076485879601597 0.44018746447771756 0.05963084778294372 0.05683565179311823
1 0.5138049173019376 0.37210235456436797 0.03754674393818811 0.031182889033410408
1 0.5558063596734699 0.35173801886907957 0.03118288903341047 0.026091805109588338
1 0.5306691327995983 0.32723717748568565 0.02418264863815505 0.021637106676243977
1 0.12727304836970418 0.3525600550099895 0.06132441999149356 0.025455419619110332
1 0.12206625799306811 0.39016465217458485 0.09950754942015952 0.031240742259817558
1 0.05900624120936233 0.40474366346362556 0.11686351734228025 0.04142291363854273
1 0.04743762079087273 0.41920697006539337 0.09487524158174546 0.0367946555259769
1 0.024585596360080286 0.43974486543990293 0.04917119272016057 0.030430800621199263
1 0.06855202356652886 0.36615556321565107 0.02487688735503987 0.0306622099957468
1 0.014172015606807774 0.3740814534678792 0.028344031213615548 0.030315087106223708
2 0.03297228932618111 0.36991602293211046 0.05322496829450393 0.03471193584424173
