1 0.281003937007874 0.5142716535433071 0.08562992125984252 0.08169291338582677
1 0.4004300833545317 0.5118731402000746 0.08208262096464086 0.08282210403639438
1 0.5486964392411129 0.49005838958334563 0.07394830717535213 0.06433502724255641
1 0.3556913575134438 0.4109337009057189 0.051763815022746525 0.04510846737696479
1 0.589006309294014 0.4063104038496731 0.04583572758802824 0.038502011173943675
1 0.5422538671542252 0.3561966750200956 0.03544629600140857 0.02872372262183095
1 0.1290766874423055 0.3547978999202135 0.061415520637871174 0.02758493723565412
1 0.013792468617826998 0.37795883778788525 0.027584937235653993 0.033310112888336935
2 0.029927054548115183 0.3685643434239965 0.059854109096230367 0.03533994471577006
1 0.0692225783460751 0.36780966276722 0.02706446672177372 0.028625878263414516
1 0.12309127653268243 0.393312717947353 0.0952461040400883 0.03591246545773816
1 0.058292697554589566 0.40707916145113626 0.11658539510917913 0.03960780928298777
1 0.047362816763104026 0.422693276867544 0.09472563352620805 0.03544404517194586
1 0.024722349409312536 0.44143021536723365 0.04944469881862507 0.03128028106090363
