1 0.7034949267192788 0.6865839909808338 0.13303269447576047 0.14656144306651664
1 0.2790304396843292 0.5135287485907554 0.08680947012401355 0.08455467869222101
1 0.40868094701240104 0.48406541929056374 0.07553551296505075 0.07358280290703428
1 0.5644293830694437 0.4385832970078684 0.061602115478247725 0.06545224769563801
1 0.5567291186346626 0.36543078487744945 0.03696126928694858 0.03157108418260195
1 0.3954085787260018 0.35734550722092956 0.033111137069558094 0.027720951965211505
1 0.12512929706519008 0.3527253485600608 0.06699230058259414 0.027720951965211037
1 0.12243420451301698 0.38968661784700914 0.10472359631302083 0.035421216399991864
1 0.058907022926074235 0.4063961893205496 0.11781404585214847 0.042043448513772654
1 0.0462015866086857 0.4191016256379385 0.0924031732173714 0.04127342207029427
1 0.023485806526081898 0.4383522867248909 0.046971613052163796 0.033573157635513357
1 0.01386047598260571 0.37405507869447 0.02772095196521142 0.03187909006012466
1 0.06776232702607235 0.36620081132092763 0.026180899078255236 0.03003103129564572
2 0.030416044517384753 0.36928091709483996 0.05313182459998855 0.03619124284347048
