1 0.6786417322834646 0.6122047244094488 0.11318897637795274 0.11023622047244094
1 0.2785433070866142 0.5132874015748031 0.0846456692913386 0.08169291338582677
1 0.40649606299212604 0.49163385826771644 0.0767716535433071 0.07775590551181102
1 0.5590551181102364 0.4227362204724409 0.05511811023622047 0.060039370078740155
1 0.38976377952755914 0.36368110236220474 0.037401574803149616 0.030511811023622045
1 0.5536417322834646 0.35777559055118113 0.0344488188976378 0.028543307086614175
1 0.01439469130863694 0.3765009948194396 0.026769075065184486 0.03181984394540801
1 0.12778445266965424 0.3530149195264004 0.06363968789081595 0.028284305729251506
1 0.0671752261069724 0.3663994570589927 0.02727415195320683 0.02878938261727386
1 0.11844053024124071 0.3898855323520316 0.10859153092480495 0.034345228385519275
1 0.05833638056658128 0.4067424734897777 0.11667276113316256 0.041037497151815844
1 0.046719612142067254 0.42113716479841473 0.09343922428413451 0.03952226648774881
1 0.024243690625072742 0.44007754809925276 0.048487381250145484 0.031946113167413574
2 0.02954699794930737 0.36816722616707076 0.05404322701839126 0.033335074609474914
