1 0.4041713641488162 0.4983089064261556 0.07553551296505073 0.08117249154453209
1 0.2807215332581736 0.511837655016911 0.08568207440811722 0.08568207440811722
1 0.6183765501691094 0.7463359639233373 0.1657271702367531 0.06989853438556931
1 0.6420518602029311 0.5163472378804962 0.08680947012401355 0.07891770011273959
1 0.37946903134600535 0.37413308519311533 0.038963338039991614 0.03557522168868803
1 0.550992421630751 0.3931912396691981 0.04489254165477303 0.0499747161817283
1 0.5492983634550991 0.34575761075094746 0.027951959898254827 0.02795195989825473
1 0.12938085178308267 0.351383198147824 0.057853226407069476 0.026822859516004934
1 0.12175474466578713 0.3892507645233605 0.10045423857954791 0.03208224373482946
1 0.058905103250834374 0.40408222641540886 0.11781020650166875 0.04239064001379891
1 0.04575664270377313 0.42064928670470614 0.09151328540754626 0.03976094790438658
1 0.02445613661753391 0.4395830698924742 0.04891227323506782 0.03450156368556209
1 0.01393736817988492 0.37610230397629923 0.02682285951600494 0.031030366891064583
2 0.028926613203534745 0.36805544451646105 0.05785322640706949 0.03597418484668616
1 0.06784605642283603 0.36558353553865025 0.028400674781652292 0.028926613203534717
