1 0.5556102362204725 0.5270669291338584 0.07972440944881892 0.07381889763779524
1 0.5067677490726882 0.3495131613197111 0.03579098067287045 0.02684323550465286
1 0.5515064749137762 0.34015870046202906 0.02928352964143949 0.02440294136786624
1 0.3998015227435413 0.5101658586581636 0.08541029478753175 0.0862237261664606
1 0.3253725515715494 0.4463114954122471 0.06507451031430993 0.05775362790395001
1 0.2810405414199258 0.5101658586581634 0.0919177458189627 0.07971627513502991
1 0.11916769701307996 0.38896458319776145 0.10493264788182469 0.035790980672870384
1 0.0585670592828789 0.4022845220277217 0.1171341185657578 0.04006149541224697
1 0.04717901997787467 0.41733300253790584 0.09435803995574935 0.039248064033318195
1 0.022776078610008462 0.4384822183900564 0.045552157220016924 0.03274061300188722
1 0.12892887356022645 0.3515467397670332 0.059380490661807776 0.027656666883581718
1 0.011794754994468666 0.37340770807574675 0.023589509988937333 0.033960760070280496
2 0.031723823778226065 0.36700193596668185 0.05205960825144791 0.03579098067287045
1 0.06548122600377432 0.36374821045096634 0.02684323550465282 0.03416411791501268
