1 0.6025930101465614 0.7074408117249159 0.13866967305524222 0.15219842164599778
1 0.28128523111612175 0.5112739571589627 0.08455467869222101 0.08229988726042842
1 0.40191657271702375 0.5045095828635852 0.08004509582863585 0.08229988726042842
1 0.6245772266065389 0.4864712514092447 0.07440811724915447 0.06877113866967305
1 0.3748590755355129 0.3816234498308907 0.043968432919954906 0.037204058624577235
1 0.5490417136414881 0.3838782412626831 0.045095828635851175 0.046223224351747465
1 0.5484780157835399 0.3399098083427282 0.02818489289740693 0.02593010146561443
1 0.13076449058337106 0.35206934160487996 0.05950204335967097 0.027300937541496116
1 0.11781404585214857 0.3895206277194965 0.10780370208693332 0.03360115389722609
1 0.05971205057152869 0.4033110991618457 0.11620399056123988 0.0410214129888043
1 0.04851166593912002 0.41871162803140766 0.09380322129642255 0.03682126875165117
1 0.024710848595251595 0.4379622891183602 0.046201586608685695 0.03472119663307426
1 0.06811233904583515 0.36536979835586514 0.02800096158102166 0.027300937541496154
1 0.014560500022131254 0.3741200988499345 0.024500841383393937 0.03360115389722597
2 0.03136107697074424 0.36886991855349294 0.053901851043466655 0.03430117793675147
