1 0.2807215332581736 0.5124013528748591 0.0834272829763247 0.08455467869222101
1 0.4013528748590754 0.5129650507328072 0.0834272829763247 0.08568207440811722
1 0.3523111612175875 0.41600901916572713 0.05298759864712514 0.04735062006764374
1 0.540586245772266 0.4599774520856821 0.06426155580608793 0.05862457722660654
1 0.5817361894024802 0.3945885005636979 0.045095828635851175 0.04058624577226604
1 0.5411499436302143 0.34949267192784667 0.036076662908680945 0.027057497181510706
1 0.129994464139893 0.35473906509423436 0.06230213951777315 0.026600913501970688
1 0.12334423576440033 0.39184033918908806 0.10500360592883115 0.0322011058181749
1 0.06174212028615273 0.40773088275001446 0.12040413479839306 0.042421461067854625
1 0.04844166353516745 0.4220813755602876 0.09380322129642252 0.03752129279117675
1 0.02534087023082459 0.4413320366472401 0.047601634687736795 0.034021172593548546
1 0.0701424087604592 0.36873954588474533 0.030801057739123786 0.02660091350197076
1 0.015050516849799132 0.37643981031952606 0.030101033699598264 0.0322011058181749
2 0.03374115870513108 0.3711896300230846 0.05180177892489004 0.03290112985770047
