1 0.28063382573046136 0.5108837118500683 0.08208262096464085 0.08134313789288733
1 0.4004300833545317 0.5116231949218218 0.08060365482113381 0.08578003632340848
1 0.5904772327951868 0.6861411998556529 0.12349367298283802 0.13902281748966192
1 0.33424634843259154 0.43693540467471614 0.0591586457402818 0.05324278116625351
1 0.5191314472205623 0.38332971313749653 0.04242645859387731 0.034345228385519684
1 0.5590325213743259 0.3580758687363784 0.031314767057385604 0.029294459505295953
1 0.5330210616411768 0.3305491783391611 0.024748767513095123 0.02272845996100573
1 0.1272288680928295 0.3533816336314104 0.06111430345070415 0.028334813418053627
1 0.11722834570998675 0.38949463112500804 0.1111169153649163 0.033890659186298695
1 0.05833638056658128 0.40525934349240594 0.11667276113316256 0.04014098567557621
1 0.04694689674167729 0.4210935039319065 0.09389379348335458 0.03625189363780397
1 0.025001305957106267 0.4402611718323547 0.050002611914212534 0.03458513990733027
1 0.013056237555377716 0.37609115320911535 0.026112475110755432 0.03041825558114591
1 0.06917027981466056 0.36727124805202505 0.02722364426440457 0.02833481341805363
2 0.031390528590588974 0.3686602094940865 0.05500287310563378 0.033335074609475046
