1 0.621195039458849 0.5135287485907554 0.07891770011273945 0.07102593010146575
1 0.2807215332581736 0.5090191657271703 0.08568207440811722 0.08004509582863585
1 0.44306651634723787 0.3742953776775647 0.04284103720405861 0.036076662908680945
1 0.1273957158962796 0.34892897406989853 0.06313416009019165 0.02818489289740699
1 0.1257046223224352 0.3883878241262677 0.10935738444193911 0.0417136414881623
1 0.05918827508455469 0.40135287485907545 0.11386696730552424 0.0383314543404735
1 0.048478015783540024 0.4145434012945233 0.09695603156708005 0.0390078986510887
1 0.02367531003382187 0.4342728263227081 0.04735062006764374 0.03788050293519236
2 0.029875986471251406 0.365501687653035 0.05975197294250281 0.03652761431396188
1 0.06764374295377677 0.36189402480270566 0.02480270574971815 0.03382187147688839
