1 0.6106454316848281 0.4861693210393962 0.07124895222129063 0.06035205364626995
1 0.28038558256496227 0.5079631181894385 0.08968985750209554 0.08046940486169321
1 0.4409052808046939 0.38432523051131606 0.0452640402347024 0.039396479463537346
1 0.126583633680819 0.3497675193825592 0.06423647082310219 0.028969388802575533
1 0.1228050177500483 0.3903876406383446 0.10328216877439962 0.03967546727309253
1 0.057623892944253435 0.4009887591568152 0.11524778588850687 0.039885387177185136
1 0.04723269913463394 0.41799253084528354 0.09446539826926788 0.03988538717718511
1 0.023616349567316983 0.43783026448182966 0.04723269913463397 0.032957924637438824
1 0.01354004041859507 0.37201937035423965 0.02708008083719014 0.03064877686386821
1 0.06675554811028268 0.36362244446205183 0.0226716955846243 0.03022892744616574
2 0.032748004733346214 0.3664564064101299 0.05416016167438028 0.0333777740551413
