1 0.3981299212598425 0.5088582677165355 0.0797244094488189 0.0846456692913386
1 0.2780511811023622 0.5088582677165354 0.08366141732283465 0.08267716535433073
1 0.5482283464566928 0.49409448818897644 0.0688976377952756 0.06102362204724409
1 0.3223425196850394 0.4473425196850394 0.06594488188976377 0.058070866141732284
1 0.5049212598425197 0.3420275590551181 0.031496062992125984 0.024606299212598427
1 0.548720472440945 0.3331692913385827 0.0265748031496063 0.024606299212598427
1 0.12719553301821987 0.3490366134345431 0.0626295341147711 0.026769075065184052
1 0.11785161058980667 0.3871699184802305 0.11061183847689433 0.03232492083343009
1 0.0625456913513595 0.40276416739792054 0.11111691536491661 0.0435628815919277
1 0.04566753698431671 0.4171588587065575 0.09133507396863343 0.03800703582368169
1 0.02344415391133337 0.4360992420073956 0.04688830782266674 0.034471497607525256
1 0.01734130987335934 0.37706838071978355 0.019697998632871604 0.0303046132813409
1 0.06633376801152716 0.36317876629916906 0.026769075065184486 0.027779228841229155
2 0.033756308734085666 0.3654516122952697 0.052527996354324265 0.03434522838551974
