1 0.6085903996029127 0.5972808672222614 0.11096081050519356 0.13213653770084136
1 0.2799431135264615 0.510883900264019 0.08893805422172005 0.08639696695824231
1 0.42563211663251715 0.4282985642009933 0.05844500705998741 0.05505689070868383
1 0.5802149251607448 0.41347555516404 0.05251580344520616 0.04235145439129522
1 0.12637285216681005 0.35161464899465333 0.0619029522555642 0.025455419619110194
1 0.06823035962770545 0.36463162493624407 0.02545541961911054 0.02719101641132228
1 0.012998752175272412 0.37255751518847247 0.025997504350544823 0.02915802257808232
2 0.030336496331075023 0.36850778933997713 0.05033230697415043 0.03841453880321323
1 0.41766384712640536 0.3310767536201438 0.026612484147252004 0.022562758298757087
1 0.12174459405424483 0.3897977784233195 0.09777195262794743 0.03239780678795895
1 0.06128797245885715 0.4049553219764312 0.11223525922971468 0.04142291363854273
1 0.0497173271774432 0.41999716084226874 0.08909396866688678 0.0379517200541188
1 0.026865302746650846 0.4390887255566021 0.043389919805302074 0.031009332885270222
