1 0.5924464487034949 0.551296505073281 0.09582863585118379 0.112739571589628
1 0.2801578354002255 0.5112739571589627 0.08906426155580612 0.08229988726042842
1 0.42164599774520845 0.44024802705749716 0.06313416009019165 0.05975197294250281
1 0.5749718151071026 0.39797068771138666 0.04735062006764374 0.04058624577226604
1 0.41214049381669826 0.3348365276211951 0.028339612210622773 0.02480270574971815
1 0.1299766135268851 0.35144654563162775 0.06056257977955221 0.02981542389147186
1 0.11972756156419173 0.3891816914942718 0.10528571561675999 0.03633754786773129
1 0.057767383789726706 0.4040894034400079 0.11367130358623642 0.0400644758541654
1 0.04845006382364177 0.4168541289501238 0.09690012764728353 0.03876005674575416
1 0.02236156791860389 0.43781809887381495 0.04472313583720778 0.034101396762711775
1 0.06615297175920316 0.36449079358414693 0.024225031911820884 0.02981542389147191
2 0.029815423891471852 0.36728598957397224 0.05590391979650972 0.03167888788468887
