1 0.6488162344983083 0.5958286358511837 0.10935738444193904 0.09808342728297617
1 0.28410372040586246 0.5033821871476888 0.0834272829763247 0.08680947012401355
1 0.4509582863585118 0.35907553551296495 0.036076662908680945 0.03269447576099211
1 0.12649434394226525 0.35002695846740056 0.06440221163634977 0.02800096158102166
1 0.11935409873910434 0.3896553197722017 0.10472359631302058 0.03927134861738194
1 0.05636978579481399 0.403812647330122 0.1086399508045506 0.03894639745823513
1 0.048170544224659224 0.4178538453912496 0.09634108844931845 0.03956134683152155
1 0.024085272112329616 0.4383519493166365 0.048170544224659224 0.03751153643898288
2 0.030234703289945677 0.3666085855777823 0.060469406579891354 0.03628163769240995
1 0.058932048785487336 0.36281643947934816 0.04612073383212053 0.0348467766731577
