1 0.27959413754227735 0.5112739571589628 0.0834272829763247 0.08455467869222101
1 0.5851183765501692 0.5140924464487037 0.08568207440811727 0.09921082299887264
1 0.4177001127395716 0.45208568207440814 0.06426155580608793 0.06313416009019165
1 0.4084970034022043 0.3412266320793315 0.028486928682841237 0.02733391388054737
1 0.5692231014095335 0.39065984089310263 0.044546984333443514 0.03586900037238298
1 0.12607432951854994 0.35109666520219956 0.06160211547824763 0.025900889462444985
1 0.12537430547902442 0.39064802343539273 0.09800336553357575 0.0322011058181749
1 0.05852200970433523 0.404438494877742 0.11410391844266318 0.039621364909753015
1 0.04837166113121491 0.4184389756682529 0.09380322129642255 0.039621364909753196
1 0.023870819747820952 0.4373396247354425 0.04480153852963463 0.03262112451449767
1 0.06587226211935343 0.36544715801247313 0.02520086542291947 0.030801057739123762
1 0.012600432711459742 0.3755975065855936 0.02520086542291948 0.02870098562054719
2 0.02947101206402528 0.3678972421508126 0.05320182700394112 0.03430117793675154
