1 0.5704107292539817 0.5775356244761107 0.09974853310980716 0.10226320201173524
1 0.40108968985750215 0.5092204526404024 0.07963118189438391 0.08801341156747694
1 0.28080469404861697 0.5121542330259848 0.08549874266554904 0.08382229673093043
1 0.3658959759629645 0.3960681599209364 0.04786246845642909 0.04030523659488762
1 0.6055232029060075 0.4395222431247997 0.05982808557053636 0.05038154574360958
1 0.545695117335471 0.36678388645746335 0.038415928629502244 0.03841592862950228
1 0.5453802326745735 0.33403588172411713 0.02393123422821467 0.02204192626282916
1 0.12973248028979462 0.3538736153606635 0.06045785489233148 0.02519077287180479
1 0.11871151715838 0.3916597746683705 0.10517147673978496 0.037786159307707165
1 0.06014297023143392 0.40516832469897246 0.12028594046286784 0.03973844804907895
1 0.04786246845642909 0.4205976730829529 0.09572493691285817 0.036589601440103384
1 0.02519077287180478 0.4416949453630894 0.05038154574360956 0.028402600256766823
1 0.014799579062185304 0.37651382055729443 0.029599158124370608 0.03142548531376956
2 0.029599158124370608 0.36804342510105365 0.05793877760515098 0.035896851342321796
1 0.06770020209297535 0.36741365577925844 0.025820542193599905 0.030858696767960856
