1 0.6059751972942503 0.7305524239007889 0.14994363021420515 0.10372040586245772
1 0.4007891770011273 0.5124013528748591 0.08004509582863585 0.08680947012401355
1 0.28241262683201807 0.5124013528748591 0.08680947012401355 0.08680947012401355
1 0.3376550169109358 0.4323562570462232 0.05975197294250281 0.05524239007891769
1 0.523675310033822 0.4007891770011275 0.046223224351747465 0.039458850056369794
1 0.5651994095129218 0.36567981142927025 0.035421216399992426 0.028490978408689558
1 0.5363234178824924 0.33449374046840646 0.025410872634776663 0.02310079330434235
1 0.12874842134953754 0.35332858774586845 0.06268015249911699 0.027104930810428952
1 0.12112515955910438 0.3901743530662954 0.11519595594432303 0.03472819260086208
1 0.058868521603900395 0.4041503330154227 0.11434892685649717 0.03896333803999168
1 0.04785714346216361 0.4208368034606654 0.09571428692432722 0.03777750248689069
1 0.02456384354695125 0.4386244143050095 0.0491276870939025 0.03438938613558692
2 0.030069532617819618 0.36874451455937224 0.060139065235639236 0.03760808632961487
1 0.06818584156998533 0.3664575386071701 0.02795195989825485 0.02964601807390697
