1 0.5868094701240134 0.6386696730552424 0.1161217587373168 0.1273957158962796
1 0.4024802705749719 0.5073280721533259 0.08117249154453209 0.08117249154453209
1 0.2812852311161217 0.5124013528748592 0.08680947012401347 0.08229988726042842
1 0.6155580608793687 0.4616685456595265 0.06764374295377679 0.05749718151071025
1 0.37034949267192785 0.39007891770011277 0.0439684329199549 0.040586245772266036
1 0.5456595264937992 0.37429537767756454 0.03833145434047368 0.04284103720405861
1 0.5459102471037957 0.33637422251601196 0.0245638435469512 0.02032869810782172
1 0.13048448096756085 0.35296465835095236 0.05810199528061991 0.02520086542291959
1 0.12383425259206823 0.39216600456438255 0.09520326937547358 0.03360115389722597
1 0.058732016916192904 0.40595647600673185 0.11620399056123983 0.03962136490975328
1 0.049981716422123644 0.42100699285653126 0.09030310109879482 0.036121244712125654
1 0.025865888260468744 0.4402576539434835 0.05173177652093749 0.03262112451449786
1 0.06923237750907602 0.36591510308217473 0.023800817343868404 0.02870098562054719
1 0.013615467568771775 0.3748054062478453 0.02723093513754355 0.029681015003275295
2 0.03388116351303619 0.36871519924027696 0.052501802964415575 0.03150108177864933
