1 0.6578354002254793 0.5603156708004509 0.09582863585118377 0.08568207440811722
1 0.40360766629086803 0.4960541149943631 0.07666290868094702 0.08117249154453213
1 0.27959413754227735 0.5124013528748591 0.08568207440811725 0.08680947012401355
1 0.5558060879368658 0.4058624577226606 0.05186020293122886 0.05411499436302141
1 0.38500563697857954 0.37034949267192785 0.03720405862457723 0.03494926719278467
1 0.5512965050732805 0.3511837655016911 0.033821871476888386 0.02818489289740699
1 0.12739276554299261 0.35284020467772603 0.06386444710598567 0.02689029351830985
1 0.11697277680464784 0.3904866156033605 0.10487214472140842 0.037646410925633776
1 0.05915864574028167 0.40339395444058274 0.11831729148056334 0.03872202676949927
1 0.04672188498806322 0.41952813055156757 0.09344376997612644 0.036032997417666864
1 0.02319287815954225 0.43801520734540667 0.0463857563190845 0.036705254755626096
1 0.06823411980271119 0.367293737443818 0.027562550856267617 0.03025158020809859
1 0.013109018090176054 0.3751591462463573 0.02621803618035211 0.03522628040585275
2 0.028234808194225306 0.36810044419780075 0.05646961638845061 0.0385875670956412
