1 0.7249015748031497 0.7312992125984243 0.1446850393700791 0.10236220472440939
1 0.2790354330708661 0.5103346456692913 0.08562992125984252 0.08169291338582677
1 0.40963582866619735 0.473518758265404 0.0672257337957747 0.06783687683028188
1 0.5712831612933105 0.46007361150624904 0.06783687683028274 0.0751705932443662
1 0.4001631116313381 0.3512901513639955 0.03116829475985917 0.028723722621830962
1 0.5608937297066903 0.3729857290889954 0.038502011173943675 0.030557151725352047
1 0.1271177511774648 0.3528180089502632 0.06233658951971832 0.02689029351830992
1 0.11978403476338027 0.3900977340551928 0.10389431586619718 0.0342240099323945
1 0.0595864458644366 0.4052999170385554 0.1191728917288732 0.04171051210510545
1 0.04797472820880281 0.42057849290123145 0.09594945641760562 0.0392659399670773
1 0.023529006828521125 0.44074621303996386 0.04705801365704225 0.030709937483978895
1 0.012528432207394366 0.37443719379594975 0.025056864414788733 0.029793222932218345
1 0.06600344772676058 0.36656872722667155 0.023223435311267613 0.028723722621830962
2 0.03208500931161972 0.36809658481293916 0.05072487186408451 0.03177943779436618
