1 0.6313976377952758 0.7524606299212598 0.16633858267716536 0.058070866141732284
1 0.2780511811023622 0.5103346456692913 0.08366141732283465 0.08366141732283465
1 0.6023622047244093 0.4625984251968504 0.06496062992125982 0.05511811023622047
1 0.4365157480314961 0.3951771653543307 0.04822834645669291 0.04429133858267717
1 0.12503986486014082 0.35050877443722644 0.06588121911985914 0.02689029351830988
1 0.11730890547362674 0.38748292802490253 0.10688891673528168 0.03361286689788732
1 0.057814131064366184 0.40286081463068596 0.11562826212873237 0.04050350461195417
1 0.04604962765010563 0.41630596138984094 0.09209925530021126 0.039158989936038696
1 0.023192878159542248 0.43546529552163665 0.046385756319084495 0.038486732598080935
1 0.012772889421197182 0.375718424610642 0.024201264166478872 0.03294060955992956
2 0.029579322870140836 0.3663068218792335 0.05646961638845069 0.03159609488401408
1 0.06756186246475351 0.3652984358722969 0.0262180361803521 0.03361286689788732
